alles_alles_alles = {
	"HERA_5_16384": {
		"10": [
			[6667, 6633, 6612, 6634, 6623],
			[58089, 57177, 57316, 57166, 57261],
			[4174, 4171, 4182, 4172, 4184],
			[4, 5, 5, 4, 4],
			[338472, 342060, 343212, 342164, 342164],
			[1826150, 1826099, 1826220, 1826110, 1826304],
		],
		"100": [
			[60805, 60905, 61209, 59896, 61007],
			[526394, 523791, 525768, 523113, 524165],
			[41928, 41651, 41420, 41498, 41647],
			[5, 4, 5, 4, 4],
			[711900, 712004, 714204, 714308, 713156],
			[1826210, 1826144, 1826289, 1826199, 1826155],
		],
		"200": [
			[121610, 121208, 120606, 121207, 121007],
			[1045982, 1045226, 1046218, 1047259, 1045055],
			[83417, 83500, 83451, 83388, 83103],
			[4, 4, 4, 4, 4],
			[1128688, 1121632, 1120480, 1122680, 1123040],
			[1826309, 1826219, 1825953, 1826123, 1826149],
		],
		"300": [
			[181209, 181511, 179704, 180908, 182112],
			[1565799, 1563640, 1559316, 1564138, 1563231],
			[124862, 124434, 124024, 124733, 124515],
			[4, 5, 4, 4, 4],
			[1532404, 1534604, 1532660, 1534964, 1533556],
			[1826296, 1826057, 1826157, 1826174, 1826209],
		],
		"400": [
			[243016, 242214, 241813, 242214, 240208],
			[2086156, 2086925, 2084947, 2081749, 2041605],
			[167134, 166583, 166989, 166254, 159957],
			[4, 4, 4, 4, 4],
			[1944220, 1943172, 1944220, 1940868, 1940868],
			[1826231, 1826214, 1826216, 1826222, 1826263],
		],
		"500": [
			[294099, 293598, 294600, 291093, 295100],
			[2506955, 2504636, 2502383, 2505175, 2509026],
			[200713, 199773, 200042, 200414, 200169],
			[4, 4, 4, 4, 4],
			[2351528, 2353832, 2354984, 2355088, 2358780],
			[1826143, 1826358, 1826065, 1826238, 1826329],
		],
	},
	"HERA_5_32768": {
		"10": [
			[43120, 42141, 42153, 42087, 42296],
			[291703, 290556, 290687, 290739, 290900],
			[21849, 21945, 21875, 21917, 21789],
			[20, 19, 19, 19, 18],
			[1766396, 1766644, 1766644, 1766396, 1766644],
			[7404833, 7405157, 7405340, 7405194, 7405055],
		],
		"100": [
			[386125, 387438, 390065, 389660, 387540],
			[2669825, 2672114, 2675851, 2677885, 2673351],
			[218047, 218616, 218019, 218660, 218224],
			[19, 18, 18, 18, 19],
			[3149244, 3176168, 3157436, 3172216, 3176152],
			[7405194, 7404993, 7404808, 7405133, 7405035],
		],
		"200": [
			[784307, 772246, 781895, 769634, 772849],
			[5314799, 5349668, 5348545, 5346317, 5346796],
			[440617, 443177, 442491, 441063, 443438],
			[20, 19, 18, 19, 19],
			[4693440, 4693312, 4693464, 4712204, 4712316],
			[7405059, 7404865, 7404833, 7405012, 7405059],
		],
		"300": [
			[1160061, 1153138, 1162470, 1181432, 1181131],
			[8023755, 8030870, 8060754, 8120525, 8132402],
			[663166, 670637, 675001, 673175, 673101],
			[19, 20, 19, 18, 18],
			[6244028, 6244116, 6252424, 6260616, 6244768],
			[7405031, 7405063, 7404906, 7404775, 7404863],
		],
		"400": [
			[1560701, 1564711, 1531428, 1536642, 1532230],
			[10860057, 10852078, 10621380, 10599205, 10412670],
			[899292, 887706, 880386, 876895, 845602],
			[19, 19, 19, 19, 18],
			[7788376, 7796632, 7796640, 7796624, 7804824],
			[7404897, 7405167, 7405003, 7404955, 7404689],
		],
		"500": [
			[1850706],
			[12856706],
			[1075275],
			[18],
			[9340784],
			[7404808],
		],
	},
	"HERA_5_8192": {
		"10": [
			[1090, 1100, 1090, 1111, 1100],
			[11832, 11835, 11843, 11705, 11646],
			[821, 823, 837, 814, 814],
			[1, 1, 1, 1, 1],
			[75268, 75268, 75268, 75268, 75796],
			[432442, 432462, 432421, 432409, 432486],
		],
		"100": [
			[10001, 10002, 10002, 11314, 10102],
			[106708, 106819, 107344, 107178, 106899],
			[8111, 8116, 8076, 8190, 8112],
			[1, 1, 1, 1, 1],
			[167932, 167932, 167932, 167932, 167932],
			[432386, 432436, 432565, 432402, 432508],
		],
		"200": [
			[20707, 20104, 20306, 20104, 20105],
			[212214, 213064, 213167, 212943, 213022],
			[16213, 16357, 16242, 16231, 16177],
			[1, 1, 1, 1, 1],
			[270628, 271156, 271420, 271420, 271420],
			[432437, 432416, 432469, 432428, 432348],
		],
		"300": [
			[31010, 30709, 30107, 30107, 30107],
			[318859, 319654, 318765, 319291, 320112],
			[24480, 24356, 24273, 24356, 24521],
			[1, 1, 1, 1, 1],
			[373852, 373852, 373852, 373852, 373852],
			[432465, 432512, 432441, 432494, 432478],
		],
		"400": [
			[40510, 40109, 40109, 40911, 40110],
			[425649, 424612, 425886, 426384, 419292],
			[32470, 32415, 32569, 32674, 31674],
			[1, 1, 1, 1, 1],
			[476284, 476284, 476284, 476284, 476284],
			[432481, 432479, 432558, 432370, 432524],
		],
		"500": [
			[49611, 50111, 48608, 49109, 48608],
			[520161, 513179, 507020, 506534, 506373],
			[39624, 38530, 38588, 38536, 38637],
			[1, 1, 1, 1, 1],
			[579244, 579484, 578540, 578692, 578164],
			[432313, 432397, 432427, 432426, 432429],
		],
	},
	"HE_ONLY_16384": {
		"10": [
			[16192, 16126, 16148, 16115, 16181],
			[6558, 6334, 6317, 6330, 6328],
			[4365, 4149, 4157, 4151, 4184],
			[4, 4, 5, 4, 5],
			[1000132, 1003716, 1004868, 1004972, 1004972],
			[1826201, 1826135, 1826323, 1826169, 1826251],
		],
		"100": [
			[148470, 148572, 148167, 147763, 149783],
			[62294, 61224, 61095, 61095, 61067],
			[41330, 41245, 41332, 41330, 41295],
			[4, 5, 4, 5, 4],
			[4692536, 4695992, 4694944, 4697144, 4694944],
			[1826225, 1826214, 1825984, 1826167, 1826392],
		],
		"200": [
			[294867, 295269, 294667, 294465, 295671],
			[123305, 122034, 122005, 122068, 121948],
			[82664, 82657, 82654, 82631, 82639],
			[4, 4, 4, 4, 4],
			[8793188, 8793292, 8790988, 8791244, 8790988],
			[1826299, 1826343, 1826235, 1826272, 1826299],
		],
		"300": [
			[440364, 441869, 440363, 440664, 443975],
			[185062, 183782, 183507, 184021, 184429],
			[125666, 125506, 125498, 125652, 125590],
			[4, 4, 4, 4, 4],
			[12887020, 12890372, 12890476, 12890476, 12891524],
			[1826100, 1826078, 1826181, 1826010, 1826098],
		],
		"400": [
			[586663, 588268, 588267, 588267, 587064],
			[247203, 246242, 246574, 246135, 245943],
			[167809, 168146, 167842, 167889, 167761],
			[5, 4, 4, 4, 4],
			[16994876, 16987904, 16992652, 16987544, 16987648],
			[1826128, 1826348, 1826203, 1826422, 1826306],
		],
		"500": [
			[736971, 735970, 736470, 742984, 735469],
			[308437, 308182, 307706, 307187, 308322],
			[209861, 211265, 209945, 210010, 209455],
			[4, 4, 4, 4, 4],
			[21085864, 21082512, 21082512, 21080464, 21085212],
			[1826217, 1826059, 1826139, 1826084, 1826289],
		],
	},
	"HE_ONLY_32768": {
		"10": [
			[105787, 106623, 107625, 105611, 106855],
			[36115, 36143, 35800, 36035, 36645],
			[23344, 23058, 23036, 23024, 22682],
			[20, 19, 18, 19, 17],
			[5582932, 5597452, 5589872, 5589872, 5589872],
			[7404994, 7404937, 7404976, 7405126, 7405150],
		],
		"100": [
			[968590, 969499, 974549, 980912, 969601],
			[347113, 341368, 342319, 343776, 342542],
			[222075, 222954, 222767, 223631, 222593],
			[19, 18, 18, 18, 18],
			[19413968, 19413968, 19413968, 19413968, 19413968],
			[7404896, 7404968, 7404812, 7404755, 7405066],
		],
	},
	"HE_ONLY_8192": {
		"10": [
			[2520, 2519, 2519, 2574, 2530],
			[1362, 1336, 1336, 1334, 1336],
			[815, 805, 807, 807, 804],
			[1, 1, 1, 1, 1],
			[208280, 209336, 209600, 209600, 210128],
			[432483, 432497, 432492, 432461, 432478],
		],
		"100": [
			[23028, 23129, 22927, 23735, 23129],
			[13381, 12781, 12805, 12655, 12654],
			[8124, 8131, 8028, 7967, 8025],
			[1, 1, 1, 1, 1],
			[1130708, 1132028, 1131912, 1132120, 1132648],
			[432396, 432403, 432404, 432565, 432434],
		],
		"200": [
			[46432, 45627, 46632, 47436, 45627],
			[25650, 25369, 25363, 25363, 25428],
			[16180, 16013, 16041, 16025, 16045],
			[1, 1, 1, 1, 1],
			[2157232, 2157232, 2157232, 2157232, 2157232],
			[432397, 432380, 432476, 432488, 432342],
		],
		"300": [
			[68628, 68628, 69531, 68327, 68628],
			[38453, 38044, 37954, 37950, 37979],
			[24113, 24041, 24054, 24025, 24062],
			[1, 1, 1, 1, 1],
			[3181288, 3181288, 3181288, 3181552, 3181468],
			[432545, 432476, 432375, 432392, 432413],
		],
		"400": [
			[91027, 90225, 95038, 91028, 91027],
			[51005, 50576, 50515, 50629, 50615],
			[32003, 32047, 32032, 32019, 32029],
			[1, 1, 1, 1, 1],
			[4206052, 4206052, 4205808, 4206600, 4206600],
			[432449, 432504, 432547, 432412, 432525],
		],
		"500": [
			[113227, 115731, 113226, 113727, 113727],
			[63792, 63260, 63275, 63253, 63397],
			[40062, 40029, 40070, 40027, 40036],
			[1, 1, 1, 1, 1],
			[5230656, 5231448, 5231448, 5230892, 5230308],
			[432439, 432416, 432509, 432425, 432331],
		],
	},
	"PASTA_3_16384": {
		"10": [
			[10676, 10675, 10730, 10732, 10698],
			[79075, 79007, 79132, 79033, 79022],
			[4236, 4231, 4239, 4225, 4226],
			[5, 4, 4, 4, 4],
			[448720, 448828, 448564, 448564, 450636],
			[1826247, 1826273, 1826205, 1826265, 1826155],
		],
		"100": [
			[98724, 99331, 97816, 97822, 97917],
			[725508, 725094, 724725, 726287, 726223],
			[42092, 42097, 42195, 42173, 42101],
			[5, 4, 4, 4, 4],
			[633172, 636524, 636628, 636244, 636244],
			[1826147, 1826206, 1826167, 1826107, 1826140],
		],
		"200": [
			[195070, 194668, 194468, 194065, 194670],
			[1442730, 1441293, 1443813, 1444855, 1444140],
			[84378, 84067, 84292, 84334, 84346],
			[4, 5, 4, 4, 4],
			[841064, 842112, 842216, 840808, 840808],
			[1826025, 1826352, 1826151, 1826192, 1826279],
		],
		"300": [
			[291516, 290912, 288195, 289093, 288193],
			[2159694, 2147210, 2133597, 2132879, 2133703],
			[126378, 124790, 125026, 124982, 124776],
			[4, 4, 4, 5, 4],
			[1043576, 1043576, 1043576, 1051856, 1043576],
			[1826199, 1826252, 1826304, 1826136, 1826215],
		],
		"400": [
			[381522, 383939, 381925, 383535, 383134],
			[2843471, 2840014, 2838190, 2839795, 2841145],
			[166211, 166018, 165949, 166422, 166184],
			[5, 4, 4, 4, 4],
			[1250076, 1250180, 1248132, 1248132, 1247876],
			[1826126, 1826170, 1826193, 1826132, 1826189],
		],
		"500": [
			[477169, 476173, 479679, 478679, 477676],
			[3555112, 3550709, 3546796, 3551089, 3528922],
			[207861, 207699, 208415, 207496, 200006],
			[6, 5, 4, 5, 4],
			[1454248, 1454480, 1454480, 1455528, 1455632],
			[1826224, 1826211, 1826152, 1826220, 1826325],
		],
	},
	"PASTA_3_32768": {
		"10": [
			[69063, 69118, 68788, 69008, 70042],
			[383285, 374966, 375768, 376941, 374221],
			[22497, 22433, 22367, 22507, 22683],
			[19, 19, 20, 19, 19],
			[2740684, 2744752, 2744892, 2740632, 2744752],
			[7404862, 7404871, 7404777, 7405001, 7404815],
		],
		"100": [
			[647761, 632212, 632510, 633418, 631809],
			[3343768, 3281722, 3288680, 3276159, 3291104],
			[212932, 213350, 213280, 213136, 213740],
			[42, 17, 18, 17, 18],
			[3319332, 3434572, 3442224, 3434576, 3437872],
			[7405029, 7405055, 7404846, 7405226, 7404805],
		],
		"200": [
			[1281876, 1260571, 1257551, 1274441, 1257758],
			[6523926, 6533832, 6523182, 6520920, 6560397],
			[425748, 426255, 427443, 425354, 424381],
			[18, 18, 18, 17, 18],
			[4205852, 4197944, 4206144, 4201932, 4202060],
			[7404870, 7404900, 7404764, 7404726, 7404888],
		],
		"300": [
			[1880192, 1884107, 1881699, 1888932, 1906988],
			[9698101, 9700212, 9699862, 9699930, 9708193],
			[634565, 634820, 632464, 634418, 636277],
			[17, 17, 18, 18, 18],
			[4970564, 4978260, 4978268, 4969960, 4969988],
			[7405069, 7405064, 7404817, 7404958, 7404837],
		],
		"400": [
			[2524529, 2534956, 2567812, 2560178, 2547777],
			[12926408, 12921879, 12917762, 12912592, 12622642],
			[845623, 847588, 845675, 837965, 825908],
			[18, 17, 18, 17, 17],
			[5746148, 5746720, 5741968, 5738000, 5741960],
			[7405026, 7405072, 7404977, 7405064, 7404939],
		],
		"500": [
			[3227683, 3237359, 3130014, 3134003, 3060832],
			[15755767, 15784947, 15764176, 15807891, 16023124],
			[1033771, 1031216, 1032785, 1031993, 1074765],
			[18, 17, 17, 17, 18],
			[6514032, 6514204, 6510092, 6518292, 6518300],
			[7405076, 7404731, 7404859, 7404929, 7405041],
		],
	},
	"PASTA_3_8192": {
		"10": [
			[1699, 1710, 1699, 1700, 1689],
			[16818, 16828, 16820, 16800, 16813],
			[815, 816, 816, 814, 813],
			[1, 1, 1, 1, 1],
			[97408, 98088, 98616, 98240, 99296],
			[432447, 432409, 432595, 432466, 432460],
		],
		"100": [
			[15506, 15499, 15501, 15500, 15500],
			[154461, 152273, 152337, 152491, 152339],
			[8026, 8037, 8038, 8016, 7990],
			[1, 1, 1, 1, 1],
			[146024, 146024, 145000, 146056, 145000],
			[432402, 432553, 432555, 432309, 432443],
		],
		"200": [
			[30840, 30841, 30845, 30639, 31043],
			[302768, 302711, 303006, 303031, 303061],
			[15992, 16037, 16044, 15944, 16051],
			[1, 1, 1, 1, 1],
			[197272, 197272, 197800, 197800, 196340],
			[432460, 432460, 432486, 432580, 432500],
		],
		"300": [
			[46791, 45890, 46480, 45583, 47092],
			[454134, 453800, 453198, 456423, 456584],
			[24010, 23896, 24028, 24123, 24160],
			[1, 1, 1, 1, 1],
			[248612, 248876, 248876, 248876, 248876],
			[432431, 432307, 432269, 432398, 432373],
		],
		"400": [
			[63140, 61933, 61521, 61528, 61530],
			[607421, 603834, 604203, 604975, 605575],
			[32022, 32041, 31976, 32011, 32123],
			[1, 1, 1, 1, 1],
			[300092, 298920, 299448, 299976, 299976],
			[432454, 432539, 432454, 432443, 432436],
		],
		"500": [
			[76874, 76379, 77380, 76878, 75322],
			[756725, 755068, 756716, 736456, 732924],
			[39955, 39920, 40158, 38523, 38579],
			[1, 1, 1, 1, 1],
			[351984, 350620, 351676, 350620, 351676],
			[432491, 432467, 432481, 432566, 432528],
		],
	},
	"PASTA2_3_16384": {
		"10": [
			[10944, 10636, 10636, 10934, 10669],
			[78347, 78036, 78044, 78045, 78017],
			[4231, 4222, 4229, 4221, 4243],
			[4, 4, 4, 4, 5],
			[467120, 466072, 466072, 466072, 469424],
			[1826286, 1826080, 1826355, 1826399, 1826230],
		],
		"100": [
			[98554, 98041, 99252, 98045, 97736],
			[717105, 718801, 720015, 716958, 717538],
			[42121, 42204, 42139, 42179, 42417],
			[4, 5, 4, 4, 6],
			[650680, 651336, 651576, 654928, 656080],
			[1826167, 1826286, 1826412, 1826206, 1826188],
		],
		"200": [
			[194704, 199933, 197519, 195918, 195916],
			[1427184, 1428270, 1428115, 1426440, 1427208],
			[84236, 84216, 84261, 84227, 84356],
			[4, 5, 4, 4, 5],
			[857804, 860900, 858956, 857804, 862052],
			[1826032, 1826165, 1826301, 1826321, 1826319],
		],
		"300": [
			[291873, 291878, 286748, 287654, 286447],
			[2139827, 2124171, 2107461, 2105951, 2110379],
			[126737, 124388, 124535, 124834, 124701],
			[4, 4, 5, 4, 6],
			[1066972, 1066972, 1068020, 1066972, 1068020],
			[1826258, 1826202, 1826089, 1826172, 1826197],
		],
		"400": [
			[385224, 383621, 382016, 385224, 385224],
			[2810217, 2813806, 2810355, 2806749, 2808329],
			[165883, 166316, 166061, 166568, 165834],
			[4, 4, 4, 5, 5],
			[1269736, 1269736, 1269736, 1269736, 1275012],
			[1826098, 1826268, 1826174, 1826260, 1826084],
		],
		"500": [
			[477778, 478782, 480786, 477276, 478779],
			[3507868, 3505353, 3505541, 3508949, 3509564],
			[207388, 207727, 206455, 207352, 207545],
			[5, 5, 4, 5, 4],
			[1479876, 1474188, 1473140, 1474060, 1474292],
			[1826119, 1826078, 1826077, 1826298, 1826072],
		],
	},
	"PASTA2_3_32768": {
		"10": [
			[69211, 70366, 70443, 69002, 70355],
			[341596, 337219, 337503, 337115, 336381],
			[20405, 20440, 20380, 20349, 20335],
			[18, 17, 17, 17, 16],
			[2512220, 2535168, 2516468, 2520412, 2520564],
			[7404793, 7405239, 7404958, 7405094, 7404772],
		],
		"100": [
			[645563, 632230, 634150, 648192, 635160],
			[3125158, 3148570, 3144686, 3150168, 3148775],
			[207251, 205896, 206961, 206170, 206407],
			[19, 18, 19, 19, 19],
			[3211644, 3207700, 3207548, 3207548, 3203452],
			[7405011, 7405081, 7404834, 7404810, 7404903],
		],
		"200": [
			[1289959, 1261817, 1281722, 1282324, 1280309],
			[6265381, 6262104, 6187982, 6139598, 6141624],
			[412466, 412159, 405624, 404754, 405748],
			[18, 18, 18, 17, 17],
			[3975568, 3971624, 3979664, 3979816, 3994860],
			[7404814, 7404876, 7404901, 7405181, 7405014],
		],
		"300": [
			[1887486, 1936249, 1889588, 1932929, 1888983],
			[9208309, 9200956, 9279955, 9385156, 9394566],
			[607343, 607730, 618401, 618989, 622344],
			[17, 17, 18, 18, 17],
			[4748088, 4748088, 4770260, 4770268, 4747296],
			[7405184, 7404849, 7405023, 7404959, 7405121],
		],
		"400": [
			[2498913, 2571489, 2568292, 2568287, 2521773],
			[12495874, 12482342, 12255703, 12260210, 12359345],
			[828330, 809552, 809534, 810052, 826023],
			[18, 16, 18, 17, 18],
			[5538236, 5515844, 5507500, 5515692, 5515844],
			[7405025, 7405202, 7404976, 7405190, 7405245],
		],
		"500": [
			[3161161, 3148638, 3244835, 3163704, 3132603],
			[15603859, 15614177, 15645471, 15623358, 15629178],
			[1040917, 1043796, 1039796, 1039966, 1036806],
			[18, 19, 18, 18, 18],
			[6275512, 6283704, 6283704, 6279760, 6302724],
			[7405082, 7404928, 7404959, 7404873, 7404909],
		],
	},
	"PASTA2_3_8192": {
		"10": [
			[1704, 1704, 1704, 1704, 1703],
			[16150, 16208, 16177, 16143, 16189],
			[803, 804, 802, 806, 803],
			[1, 1, 1, 1, 1],
			[101340, 102396, 102396, 101464, 100992],
			[432486, 432334, 432481, 432424, 432504],
		],
		"100": [
			[16130, 15521, 15924, 15521, 15527],
			[148275, 148217, 148158, 148291, 148129],
			[7949, 7966, 7964, 7921, 7985],
			[1, 1, 1, 1, 1],
			[148248, 148248, 148776, 148776, 149568],
			[432429, 432433, 432428, 432444, 432428],
		],
		"200": [
			[31088, 33102, 31090, 30889, 31291],
			[296260, 300761, 296420, 296269, 296921],
			[16202, 16008, 16048, 16018, 15951],
			[1, 2, 1, 1, 1],
			[200784, 199388, 199916, 199916, 200972],
			[432414, 432402, 432437, 432407, 432387],
		],
		"300": [
			[46852, 46853, 46253, 45951, 46553],
			[443035, 442775, 441989, 441866, 441069],
			[23974, 23893, 23938, 23867, 23932],
			[1, 1, 1, 1, 1],
			[252452, 251196, 251988, 251988, 251988],
			[432537, 432471, 432510, 432633, 432538],
		],
		"400": [
			[62016, 62019, 62018, 62013, 62017],
			[588888, 589222, 589248, 590407, 590371],
			[31965, 31945, 31982, 31961, 31904],
			[1, 1, 1, 1, 1],
			[303204, 303204, 303468, 303468, 303468],
			[432321, 432389, 432515, 432328, 432404],
		],
		"500": [
			[77984, 77485, 77484, 77481, 77980],
			[737067, 737712, 737755, 735711, 737531],
			[39919, 39983, 39838, 40229, 40101],
			[1, 1, 1, 1, 1],
			[354684, 354684, 354684, 354684, 354684],
			[432392, 432386, 432485, 432400, 432448],
		],
	},
	"PASTA2_4_16384": {
		"10": [
			[7911, 7878, 7933, 7901, 7933],
			[35917, 35074, 35130, 35140, 35160],
			[4203, 4179, 4212, 4193, 4202],
			[4, 4, 4, 4, 5],
			[376952, 379256, 379256, 380408, 383864],
			[1826181, 1826312, 1826302, 1826387, 1826165],
		],
		"100": [
			[72940, 72637, 72234, 72334, 72233],
			[322271, 322300, 321580, 320965, 322342],
			[41647, 41712, 41427, 41668, 41396],
			[4, 4, 4, 4, 4],
			[568320, 566272, 569240, 566784, 565632],
			[1825970, 1826372, 1826365, 1826402, 1826120],
		],
		"200": [
			[143952, 145359, 145358, 144555, 144354],
			[638601, 639773, 639411, 638542, 639346],
			[83082, 83383, 83548, 83479, 83431],
			[4, 4, 4, 4, 4],
			[770456, 772528, 773808, 771608, 772656],
			[1826238, 1826112, 1826167, 1826116, 1826113],
		],
		"300": [
			[216472, 215268, 216773, 216472, 215870],
			[955968, 956765, 955014, 954579, 954386],
			[124573, 124762, 125140, 124592, 124540],
			[4, 5, 4, 4, 4],
			[975528, 977312, 977544, 978496, 981664],
			[1826219, 1826182, 1826027, 1826320, 1826170],
		],
		"400": [
			[286786, 287587, 287588, 287989, 285984],
			[1271083, 1273661, 1273006, 1272706, 1273084],
			[164267, 166064, 166375, 165482, 166133],
			[4, 5, 4, 4, 4],
			[1180340, 1180996, 1181236, 1181236, 1180084],
			[1826245, 1826055, 1826178, 1826203, 1826328],
		],
		"500": [
			[359807, 359807, 360308, 359806, 362312],
			[1591849, 1592102, 1590832, 1591219, 1592575],
			[208115, 208004, 208141, 208750, 208363],
			[4, 4, 4, 4, 5],
			[1389400, 1394680, 1388112, 1388352, 1389400],
			[1826181, 1826211, 1826191, 1826305, 1826169],
		],
	},
	"PASTA2_4_32768": {
		"10": [
			[54948, 50646, 50646, 51009, 50789],
			[179077, 177698, 177063, 177410, 177425],
			[21920, 21859, 21995, 21874, 21884],
			[20, 19, 19, 18, 19],
			[1939308, 1939556, 1947748, 1962512, 1966616],
			[7405103, 7404952, 7404877, 7404854, 7404920],
		],
		"100": [
			[467042, 467345, 474112, 463305, 470780],
			[1629984, 1626572, 1627513, 1627018, 1627744],
			[218774, 218671, 217878, 218754, 217391],
			[20, 18, 19, 19, 18],
			[2635916, 2636060, 2654536, 2654656, 2628640],
			[7404867, 7404776, 7405124, 7404922, 7404983],
		],
		"200": [
			[926847, 945740, 929058, 930666, 942123],
			[3239697, 3241973, 3244999, 3245919, 3248404],
			[436473, 438158, 439007, 436944, 436095],
			[19, 18, 19, 19, 18],
			[3403828, 3399988, 3422308, 3400120, 3404092],
			[7404846, 7404847, 7404841, 7405055, 7404895],
		],
		"300": [
			[1409337, 1392179, 1398801, 1410541, 1408432],
			[4872041, 4876187, 4869815, 4885350, 4885398],
			[661811, 662562, 662071, 665869, 659506],
			[19, 20, 19, 19, 19],
			[4172132, 4172100, 4172100, 4194272, 4175972],
			[7405315, 7405036, 7405001, 7404909, 7405063],
		],
		"400": [
			[1869935, 1863518, 1888781, 1881965, 1882366],
			[6522248, 6534763, 6609512, 6602192, 6608809],
			[887306, 897889, 899106, 899363, 891914],
			[17, 19, 19, 18, 18],
			[4943872, 4978564, 4995628, 4995628, 4991304],
			[7405004, 7405090, 7405137, 7405039, 7405244],
		],
		"500": [
			[2340766, 2344269, 2304689, 2306192, 2298677],
			[8287869, 8272526, 8093542, 8105467, 8094993],
			[1121459, 1105428, 1101100, 1096305, 1094474],
			[19, 19, 18, 18, 18],
			[5736560, 5743424, 5743424, 5743424, 5743424],
			[7405029, 7405129, 7405074, 7405064, 7405003],
		],
	},
	"PASTA2_4_8192": {
		"10": [
			[1290, 1289, 1355, 1278, 1300],
			[7175, 7111, 7228, 7192, 7422],
			[830, 819, 857, 827, 831],
			[1, 1, 1, 1, 1],
			[75436, 75436, 76492, 77020, 77020],
			[432495, 432387, 432444, 432483, 432525],
		],
		"100": [
			[12138, 11835, 11835, 11936, 11835],
			[64938, 64725, 65281, 65099, 64865],
			[8133, 8133, 8193, 8165, 8077],
			[1, 1, 1, 1, 1],
			[122956, 122956, 122956, 123220, 123220],
			[432412, 432339, 432430, 432495, 432466],
		],
		"200": [
			[23552, 23960, 23955, 23553, 24357],
			[128690, 130137, 129288, 129591, 128746],
			[16266, 16330, 16261, 16392, 16265],
			[1, 1, 1, 1, 1],
			[174436, 174196, 174196, 174196, 174724],
			[432399, 432410, 432467, 432367, 432570],
		],
		"300": [
			[35270, 36174, 35270, 35271, 35270],
			[193616, 192906, 193654, 193035, 193027],
			[24413, 24340, 24292, 24409, 24461],
			[1, 1, 1, 1, 1],
			[226204, 226204, 226468, 226468, 226468],
			[432455, 432421, 432443, 432567, 432489],
		],
		"400": [
			[47396, 46588, 46988, 48592, 50196],
			[257439, 258106, 257904, 256923, 257097],
			[32534, 32393, 32550, 32720, 32554],
			[1, 1, 1, 1, 1],
			[277684, 277684, 277684, 277684, 277684],
			[432361, 432453, 432395, 432441, 432399],
		],
		"500": [
			[58205, 58205, 58205, 58206, 58707],
			[321839, 321086, 321413, 321170, 321062],
			[40661, 40560, 40706, 40685, 40704],
			[1, 1, 1, 1, 1],
			[328900, 328900, 328900, 328900, 328900],
			[432435, 432398, 432415, 432486, 432389],
		],
	},
}